	F0380	H0617	H0613	H0618	H0846	M0828	M0829	H0757	J0060	H0577	H0571	J0036	H0661	H0664	H0915	H0914	H0668	H0851	F0371	H0587	J0078	J0076	J0074	H0742	H0866	J0058	F0445	J0042	J0040	H0775	H0849	J0020	H0790	H0793	H0796	J0126	J0024	J0054	J0056	H0762	H0647	J0072	H0768	H0781	H0681	H0785	H0886	H0659	J0022	H0800	H0716	H0656	H0896	H0700	H0812	H0705	J0038	H0709	M0853	M0852	J0128	M0855	M0854	J0124	H0624	H0627	H0667	H0622	H0682	H0680	H0684	H0523	H0689	H0823	M0839	H0736	H0735	J0003	J0001	M0848	H0638	M0845	M0846	M0847	M0840	M0841	M0842	M0843	H0694	H0693	M0833	J0018	H0838	H0930	M0834	J0090	J0092	J0094	M0831	M0830	H0601	J0109	M0835	J0005	M0837	M0836
F0380	0.0	0.774409101899	0.720633470699	0.761650737064	0.730422416904	0.733853373699	0.781651678009	0.732099303577	0.762094176093	0.774360522027	0.754910850331	0.698905224708	0.77525961407	0.770695894563	0.731422058494	0.769879884116	0.760470708325	0.76506762711	0.698228997676	0.771536429467	0.741384157672	0.774342214647	0.776194707211	0.738343798125	0.76060070353	0.786152255554	0.657975546163	0.766755777713	0.753693983397	0.734556827029	0.76295783472	0.780238379679	0.754489972517	0.726876439774	0.716752752247	0.749639827703	0.767791190832	0.750471850796	0.773161459538	0.735507857095	0.740604120441	0.734603798046	0.730150934077	0.737475488838	0.776627549288	0.732548579335	0.750222910179	0.763205920722	0.779632501864	0.750320499041	0.782804811488	0.768471662288	0.775307651194	0.76442148348	0.745466501682	0.740172928541	0.779896412145	0.762616011301	0.731420463049	0.719528652616	0.767335550964	0.738622163777	0.726401632752	0.753345247387	0.761470667489	0.776177055149	0.771610186301	0.784703725722	0.777873781995	0.756978978081	0.767015567591	0.755534006725	0.752608731694	0.739376660284	0.733717469056	0.76507482656	0.765709943547	0.748924163401	0.632697995187	0.732678477342	0.744769377183	0.788090513616	0.770045995391	0.780552001095	0.730969606185	0.724595129159	0.773984489285	0.738467087683	0.801252347402	0.744554598361	0.744613168218	0.655619801313	0.764146299515	0.747060635083	0.761405174552	0.714940240845	0.781430559313	0.760803495903	0.767619784141	0.755000656176	0.761409550766	0.757955571176	0.745041577274	0.761422939632	0.722999592906	0.725897980145
H0617	0.774409101899	0.0	0.629959962738	0.587124834874	0.697364939265	0.667035091757	0.667398110212	0.680413308062	0.673988571181	0.585711266256	0.611226441282	0.642343564978	0.678705794291	0.663558214371	0.680885072219	0.695595343265	0.597400720793	0.613677291523	0.768641617102	0.559187043169	0.647411631347	0.613087668024	0.651358947198	0.747335360084	0.607127551553	0.672920631925	0.722063627612	0.640659464948	0.674545375147	0.746688778459	0.647747946685	0.60433080007	0.740520476186	0.633486299757	0.740965004117	0.635443066957	0.717911560465	0.650989787552	0.663643017892	0.709228172813	0.657046932492	0.69201626214	0.750098407413	0.709179371117	0.653409506772	0.63914753141	0.642579831381	0.610326594706	0.612032286438	0.711194406982	0.614827191507	0.650890588867	0.575731465003	0.669383521587	0.720694835788	0.633517287364	0.661877404333	0.608910627569	0.722253627929	0.741308407818	0.676425924067	0.72573647392	0.762331132966	0.659772056448	0.689970047215	0.679849844302	0.68866509535	0.631871393732	0.664637130487	0.708929959968	0.663977896111	0.663352210354	0.654668530692	0.697089409624	0.643245400476	0.702321913948	0.683250452449	0.686623199185	0.693689226467	0.642918117313	0.605660526989	0.726109279962	0.695449157362	0.723459509775	0.63542894955	0.712124666385	0.625133534388	0.692140677058	0.642458472944	0.63340125237	0.648222519009	0.697519948546	0.661317069014	0.638857738073	0.707644820564	0.676220130961	0.66991813186	0.676222590479	0.678783676301	0.648468968427	0.527212081523	0.596419109221	0.728671360382	0.66287958812	0.642584498774	0.662332542631
H0613	0.720633470699	0.629959962738	0.0	0.568879720553	0.672725059566	0.634353278984	0.635693741627	0.628409565117	0.557468930673	0.671902522782	0.600223989285	0.659419565346	0.674167054398	0.605552762982	0.598695490567	0.650612746362	0.582896876489	0.62541143248	0.727115638907	0.634352818428	0.587785018236	0.575895889506	0.574758507088	0.685973668111	0.441862854004	0.590048688254	0.672287399301	0.569488291763	0.590289368104	0.626718726326	0.581441212221	0.55538888666	0.652477567738	0.650975340147	0.630504279798	0.612930577459	0.575506025581	0.579628176686	0.571221590186	0.655742844755	0.417321573927	0.568037850718	0.652832932211	0.630860905228	0.643754680398	0.609139658632	0.312501164743	0.637063395704	0.600268514276	0.695083325425	0.576207794534	0.633173353433	0.650325856009	0.491812712353	0.676016706169	0.609951234354	0.602278221358	0.623960036837	0.655185730521	0.681073060298	0.538176933877	0.669397642714	0.706026544188	0.61418223744	0.476949848713	0.657493756667	0.630313859479	0.637062412474	0.672469227559	0.649831504326	0.643150740659	0.594039474333	0.621056418019	0.650595073882	0.586314296768	0.625597839383	0.62814854671	0.625965161302	0.615315417894	0.547334505952	0.616901094632	0.689981144974	0.655922714664	0.66374607769	0.59479291731	0.615374224465	0.626991113073	0.605486627745	0.662884772865	0.612485442392	0.654873787609	0.661686185587	0.607342519371	0.58045513794	0.719129475532	0.523978184392	0.577088697853	0.556011376265	0.696136666695	0.645245044711	0.629520844552	0.558491058828	0.704179544075	0.604818171174	0.653274911376	0.684953839964
H0618	0.761650737064	0.587124834874	0.568879720553	0.0	0.6480503669	0.63776976387	0.595935139751	0.648152306879	0.599563024879	0.595641616147	0.371218970502	0.635767804014	0.658637137612	0.639460320634	0.610312961088	0.657054231441	0.572558761524	0.577465926105	0.743092774422	0.585710889129	0.588987239553	0.557779478598	0.57520004146	0.691941774356	0.564967653637	0.580705306838	0.674973894588	0.589302232993	0.653038871109	0.664860498758	0.591980082898	0.573244269802	0.680160541854	0.607265397862	0.70577983234	0.622151619179	0.655188337564	0.594629178067	0.580848511906	0.670838528136	0.595208280459	0.606117514203	0.716030447499	0.652626932137	0.621078242498	0.574446061531	0.607333192939	0.586000743163	0.585639741732	0.664225033299	0.349193086824	0.624179444469	0.61365793499	0.623756831145	0.67305611408	0.464754697609	0.585386507596	0.598916347287	0.704588467173	0.694154983004	0.589093049043	0.674171603995	0.716235135432	0.609019425291	0.643536643127	0.655918091226	0.663548384641	0.441153261264	0.648541452114	0.678124843341	0.63664473126	0.631887574259	0.617638215051	0.658039215039	0.597308347014	0.676773328921	0.645362204174	0.666339021726	0.701348146155	0.561376434087	0.605331436829	0.675932260609	0.596917267085	0.65887189749	0.580463829518	0.650693924524	0.593115412341	0.64282980322	0.624579437146	0.617417724339	0.617235766086	0.649737978141	0.588061842479	0.389652570702	0.711107520141	0.620103733259	0.595668084432	0.606207092936	0.665265591964	0.623411705739	0.562346641488	0.57380803094	0.723368272924	0.625153767876	0.637271374551	0.660721534914
H0846	0.730422416904	0.697364939265	0.672725059566	0.6480503669	0.0	0.616289055037	0.706812150494	0.634194598863	0.694013578694	0.716984009328	0.652384599798	0.649258327626	0.679882320099	0.634849380777	0.638011379027	0.658873090501	0.623941482302	0.613956945824	0.745043788738	0.695581773643	0.617598099183	0.667573555027	0.672094052061	0.548098882246	0.627595958662	0.658936688684	0.647419171136	0.662748882399	0.669205593087	0.407329607517	0.577572598205	0.678908829885	0.450878346258	0.618750684998	0.654908464852	0.6523141451	0.693375462819	0.581251127938	0.680709904394	0.635835259324	0.662822066053	0.613732979531	0.688937010237	0.648856477926	0.664405692553	0.582599502231	0.664442101354	0.673222750874	0.666067755781	0.522465933306	0.668357769114	0.640847865777	0.716098715418	0.698903712258	0.436133263174	0.712377195003	0.696296219329	0.655844456465	0.607245714093	0.632765174275	0.668455243548	0.625923097295	0.64734171327	0.615972987543	0.719102639847	0.659730859902	0.649349127532	0.686321063961	0.722412865351	0.657899568781	0.65203380793	0.620529469079	0.640794019668	0.644709976388	0.591072472941	0.657645950782	0.635830413553	0.568977097042	0.641709300068	0.631750861102	0.636995137029	0.732727745765	0.692776413788	0.709770193119	0.592253384155	0.695252203404	0.679450558917	0.649580771465	0.669086450194	0.624338231205	0.622193674433	0.632691034583	0.647957694245	0.670874933984	0.669708016944	0.612359425618	0.690762634016	0.645499548762	0.654703253345	0.616008811201	0.675492815784	0.608936654868	0.687960218838	0.669686828859	0.622279151444	0.642113741626
M0828	0.733853373699	0.667035091757	0.634353278984	0.63776976387	0.616289055037	0.0	0.680940734518	0.624538834297	0.69583515918	0.679182435258	0.648017479425	0.671227972788	0.634291046645	0.63916483471	0.650323043385	0.678145584689	0.613567922297	0.608723035818	0.72759909702	0.657567194395	0.664354841272	0.654399516645	0.691266206915	0.654736167585	0.634409287603	0.665884127806	0.654527362036	0.672358948634	0.677300625703	0.656091930011	0.629023749967	0.680232120301	0.648943029505	0.590126111396	0.681172658667	0.620889800416	0.70879543175	0.598439255149	0.700981991712	0.651899950524	0.632857110458	0.604598056694	0.681632135667	0.618567461055	0.634177267256	0.597314693569	0.654520925846	0.639508093735	0.650496699339	0.652122624827	0.63657598153	0.652437623111	0.657207848919	0.664568449655	0.621578061602	0.675937719982	0.695915530028	0.635689531515	0.640761583697	0.666910045366	0.70203860219	0.638565931602	0.682492022286	0.595751388718	0.68763799648	0.628550622146	0.641529795055	0.672665958971	0.693125506837	0.649789606316	0.655425364831	0.650217965376	0.597424077508	0.62681352865	0.591483534791	0.677023791578	0.622307131208	0.640675690729	0.689915130336	0.65939315489	0.588868926025	0.748590936874	0.703936034748	0.728905021576	0.587856275399	0.655941418449	0.641031362235	0.629757145717	0.668375460443	0.618516429183	0.59486924706	0.647825042124	0.679772074905	0.671235868631	0.672610386429	0.623253651695	0.684710415095	0.685377397902	0.627525530551	0.629808837938	0.633761042981	0.645040335101	0.690204526254	0.65568807136	0.608595223022	0.643429310452
M0829	0.781651678009	0.667398110212	0.635693741627	0.595935139751	0.706812150494	0.680940734518	0.0	0.657251941636	0.62552580744	0.629620475065	0.641528097659	0.66735164072	0.675502290288	0.675559864157	0.645095850574	0.659071295381	0.626454823691	0.612093216996	0.722384366434	0.623066433587	0.651164937088	0.630547758253	0.654794325975	0.689391478216	0.603079804094	0.635223838166	0.683382801877	0.607686882802	0.672387534131	0.711978125343	0.626878562519	0.646394578912	0.714608336611	0.659738789811	0.738949747484	0.593847179594	0.677297205924	0.659627393068	0.66306265849	0.69442036607	0.636914810405	0.658360440502	0.734440214075	0.691033769719	0.618785445834	0.623044291859	0.660678972735	0.62810461524	0.593977898299	0.698510576891	0.583079985735	0.640342873158	0.617509914576	0.643357068131	0.712586984598	0.660677249131	0.656168797751	0.631981496096	0.699767023377	0.732784640682	0.656392435781	0.695641096674	0.724483097217	0.639760073485	0.676030873802	0.67768727497	0.68023490672	0.605213649587	0.683004357813	0.701637023006	0.65691103427	0.67438875563	0.620828040607	0.674985671265	0.63630059246	0.697000486303	0.688813320991	0.707982978868	0.736202828157	0.647387152617	0.62587394912	0.688180015088	0.667307729591	0.704239626178	0.630771643447	0.690098056999	0.637892200652	0.658807555141	0.63915268215	0.623781250093	0.634452735143	0.695294784006	0.644584454761	0.649207625043	0.727582509057	0.653800829821	0.652156231201	0.660184825336	0.671631734573	0.639364375863	0.629043761644	0.598461825251	0.745096300049	0.606915953056	0.674187940383	0.696119264059
H0757	0.732099303577	0.680413308062	0.628409565117	0.648152306879	0.634194598863	0.624538834297	0.657251941636	0.0	0.675737800244	0.663776294087	0.633879377793	0.654019812406	0.636381049125	0.639427051006	0.621609914244	0.645700595338	0.613052268736	0.615727946473	0.731415754411	0.626054914939	0.648898092735	0.622014946357	0.692784846649	0.628084328147	0.630007227071	0.637227648826	0.651476173384	0.636623534242	0.658907930428	0.650205138299	0.619236707197	0.673262976408	0.659159442736	0.618261662441	0.570575579462	0.597226119622	0.706615982329	0.609702009844	0.692938983409	0.45578049104	0.642888091436	0.618191750861	0.530196526032	0.491401068872	0.619181741184	0.599633814137	0.662549081143	0.629581979894	0.625075766962	0.61949081769	0.625811806387	0.628824188668	0.639723815123	0.638271225551	0.623932400832	0.678788482339	0.671727353441	0.63837367124	0.659226002109	0.659349849819	0.683607367779	0.623207426322	0.675361423329	0.604981704704	0.676700590849	0.648942600058	0.648570154005	0.685832825108	0.66482067249	0.636692978451	0.652927332231	0.653349778516	0.619151648647	0.448781898567	0.574212349222	0.671369321484	0.629263244199	0.643164831115	0.700213345568	0.644426290621	0.609704988112	0.739985390282	0.704772547411	0.733443891579	0.569221655531	0.66278643038	0.619472764211	0.612737724642	0.673445826317	0.60543212348	0.617252789811	0.65751370572	0.642663484048	0.658928596185	0.698887471552	0.625651284458	0.673685854023	0.665655940278	0.658498280748	0.61757896733	0.640657346391	0.611589210638	0.685028031509	0.63398388345	0.619207411404	0.661549400104
J0060	0.762094176093	0.673988571181	0.557468930673	0.599563024879	0.694013578694	0.69583515918	0.62552580744	0.675737800244	0.0	0.667319165231	0.633476167005	0.671797735086	0.674723516888	0.646489022521	0.661976985381	0.68813801382	0.633079939093	0.66656107487	0.758093385517	0.668793779204	0.523584799281	0.521516497553	0.584543104803	0.69600869209	0.530187985779	0.510063257323	0.703405891068	0.494631406765	0.641143188856	0.674862871486	0.630127658597	0.557886678323	0.683713181163	0.695721522452	0.692073527317	0.657187649794	0.532952906141	0.624167327062	0.58453308311	0.705315793439	0.641640507864	0.6287085485	0.715591571176	0.698568272645	0.668727081252	0.655923439481	0.57374547641	0.667752637561	0.613548768817	0.723187744518	0.588726612138	0.670615283627	0.678269371708	0.64658076075	0.714179561414	0.612734009346	0.601747961961	0.662871391874	0.707942699725	0.709409476546	0.454057229586	0.671122524795	0.723804429997	0.660733019352	0.60771666171	0.6839989684	0.665907739124	0.676058129942	0.681898284524	0.691083903091	0.675895558101	0.636176851629	0.651325042963	0.703278329699	0.62550731438	0.668739279995	0.672233436444	0.68018481534	0.681187459788	0.633467967045	0.647779266955	0.720920009929	0.682952881252	0.700180934008	0.64431691695	0.678152505776	0.651414279904	0.657550925313	0.667114837717	0.665298072486	0.693286494298	0.688975662767	0.623732804212	0.571224577198	0.735359984832	0.602510575907	0.543256294262	0.460811364108	0.698792714316	0.669151543933	0.668079730736	0.620810833646	0.717574960015	0.64130023143	0.698822720949	0.724831792081
H0577	0.774360522027	0.585711266256	0.671902522782	0.595641616147	0.716984009328	0.679182435258	0.629620475065	0.663776294087	0.667319165231	0.0	0.611384672088	0.655335707674	0.632856842901	0.676042329444	0.662700218005	0.63671740445	0.619140816824	0.619207127301	0.730963531948	0.48771714242	0.682610642554	0.638050152798	0.660717093494	0.713943655794	0.631339938031	0.693022738941	0.705630330076	0.653952608929	0.689472179479	0.743155036043	0.648883238218	0.64099400827	0.731955814605	0.635752756328	0.762066551825	0.596616240572	0.716883128289	0.663159455893	0.669820596524	0.68976459876	0.649148107434	0.685748647431	0.724846315826	0.704899768927	0.614378437142	0.663799544176	0.686650994076	0.61310022746	0.595985052167	0.715596477719	0.596310984459	0.638164538854	0.43824202223	0.669604005683	0.702516209913	0.642675812338	0.63598647895	0.620702512375	0.729646236698	0.729405628177	0.702374720168	0.671052723196	0.7277652412	0.665316937228	0.691303808292	0.641195544528	0.640567170446	0.605083885667	0.608862977212	0.674582546381	0.643162444771	0.672505233717	0.620052390374	0.670759840845	0.629224355081	0.68458267346	0.652754983367	0.717089129353	0.728963471573	0.634547738399	0.610739699175	0.684782071404	0.683134941732	0.701476351589	0.64547933222	0.727687079022	0.649471667705	0.65059184776	0.613879323963	0.630178234006	0.64826722718	0.700356757419	0.660234819095	0.632832749007	0.732555570429	0.686523853072	0.664783394494	0.713049530185	0.641260726368	0.614275536832	0.49392662037	0.639865641583	0.749143161981	0.619054457892	0.687617570784	0.709458723065
H0571	0.754910850331	0.611226441282	0.600223989285	0.371218970502	0.652384599798	0.648017479425	0.641528097659	0.633879377793	0.633476167005	0.611384672088	0.0	0.643517076964	0.650285859613	0.625782482062	0.607560159596	0.623177513137	0.578096000584	0.560249744435	0.76241827658	0.586523635705	0.570417633755	0.568726983589	0.597926655492	0.698436694598	0.568746658485	0.616707016145	0.676863416687	0.600742307283	0.624226464111	0.672890721984	0.59868745067	0.578000215854	0.67752174914	0.598444825834	0.708229977723	0.618177502582	0.671882100528	0.582579342954	0.607329548233	0.63905290794	0.60725254563	0.595534587769	0.689574573864	0.646493407291	0.635890330609	0.569727437774	0.607476390091	0.604483614481	0.579075026863	0.673077060657	0.404920223237	0.635691448222	0.634792521309	0.623036611305	0.652951558558	0.50677018583	0.588805071885	0.59327315794	0.713300152174	0.691758810469	0.63135760654	0.687056210318	0.723552489609	0.614728732201	0.640057860888	0.642036172725	0.638785597084	0.484105487608	0.660053273213	0.67831422818	0.635996540342	0.649910272333	0.622330803274	0.636703563291	0.576172600686	0.659403460553	0.632862956203	0.640520024677	0.687449365113	0.592882642722	0.612420758543	0.716828379831	0.636133379458	0.668596809473	0.572804513857	0.64397327384	0.584101944634	0.623559859668	0.645321993931	0.624056214285	0.646036562909	0.654250834132	0.571408851654	0.41811721445	0.729357755543	0.620236600218	0.591875758328	0.62266866612	0.673977813548	0.593310898587	0.576207777394	0.557525097292	0.742114568226	0.628934911765	0.648873308015	0.669732829375
J0036	0.698905224708	0.642343564978	0.659419565346	0.635767804014	0.649258327626	0.671227972788	0.66735164072	0.654019812406	0.671797735086	0.655335707674	0.643517076964	0.0	0.662932610339	0.63932714302	0.658391436161	0.660681870344	0.620438766823	0.599195114907	0.655365872768	0.642105424059	0.604849195926	0.617757946419	0.643038357635	0.709359287362	0.624169672169	0.654296326681	0.581900486465	0.637824936198	0.645329390156	0.703536420552	0.600378335192	0.642809976691	0.684411476849	0.612564107121	0.719007842529	0.626375262175	0.693356020056	0.62792489915	0.661229316785	0.675893615938	0.663256164205	0.630046347802	0.719126960788	0.668583772532	0.67009632644	0.596811892764	0.678719882557	0.646216103522	0.605492011381	0.674773769607	0.625420835376	0.646782990288	0.647764515439	0.656854778605	0.681355657917	0.678488455279	0.672953637872	0.623169485321	0.683295357997	0.701074868578	0.674848991084	0.669618354991	0.713992080866	0.622654231923	0.68570106641	0.666663753786	0.668171399354	0.676880832049	0.682843581831	0.6716492091	0.644399628764	0.64386953113	0.634226794949	0.663365197672	0.604496276129	0.681947294345	0.66166210834	0.655002336295	0.560331513966	0.644689455938	0.619638417577	0.702564126812	0.665911304688	0.692451895152	0.615408240343	0.668327384941	0.622243216813	0.663569063052	0.630976819315	0.614524497072	0.646394851939	0.510018196374	0.616163157721	0.666834205558	0.723093067678	0.649228988683	0.677428219373	0.668378220248	0.65991250044	0.596139727081	0.634170836343	0.57729960888	0.723306480946	0.620053045294	0.632834452923	0.65905893976
H0661	0.77525961407	0.678705794291	0.674167054398	0.658637137612	0.679882320099	0.634291046645	0.675502290288	0.636381049125	0.674723516888	0.632856842901	0.650285859613	0.662932610339	0.0	0.661536694541	0.6457064679	0.625546202909	0.64024937866	0.625310127803	0.734415204951	0.606240991607	0.62929172623	0.620444023931	0.68265153368	0.684590674925	0.632517745761	0.643043754434	0.683349084786	0.6351798284	0.641101842903	0.696665043504	0.63241202395	0.653717359585	0.690918227539	0.602319364984	0.714521543416	0.577675276373	0.720296077371	0.637679424936	0.691289227151	0.666034136955	0.638064405951	0.658604086784	0.688806204956	0.65990265884	0.624395195794	0.626418468393	0.655577554372	0.630959724352	0.620049063741	0.670552804503	0.649482432718	0.595129334721	0.59916453919	0.650364732129	0.643291047069	0.706542563193	0.642755075616	0.630974180065	0.698359226954	0.692684889744	0.681077003128	0.655264387403	0.709121946147	0.631978601719	0.712753749494	0.48167343525	0.644521785344	0.683274908249	0.623266666658	0.625517355293	0.596930993357	0.667873081367	0.597702877347	0.648736210501	0.611695925007	0.652346782666	0.494892150834	0.657328921427	0.721020062438	0.6545978159	0.622223344895	0.726169182475	0.719831193178	0.723548314084	0.63860472063	0.717616408985	0.627477716049	0.625671599917	0.61581547873	0.626174429716	0.638446340044	0.682173549451	0.642777693879	0.684304852635	0.719538153891	0.657000399889	0.668870088636	0.665880216764	0.605798093693	0.585344521234	0.617272535232	0.62258029539	0.733537556868	0.570734446009	0.682697125317	0.696873993654
H0664	0.770695894563	0.663558214371	0.605552762982	0.639460320634	0.634849380777	0.63916483471	0.675559864157	0.639427051006	0.646489022521	0.676042329444	0.625782482062	0.63932714302	0.661536694541	0.0	0.659040527215	0.676413633325	0.599206933583	0.575241658139	0.758563852486	0.663071993573	0.634673403146	0.651173228749	0.633435510094	0.634925519358	0.630697310156	0.666572573832	0.698838117157	0.642003160054	0.596384022114	0.628346772453	0.609773116629	0.632154343152	0.600462534802	0.631125971257	0.693954960913	0.630856714344	0.689083599941	0.618509367294	0.633452408384	0.669884443675	0.662779439831	0.638676264581	0.689885812638	0.649285447243	0.643954942141	0.582352751478	0.639658482494	0.62039591025	0.610335058483	0.657490056017	0.639205355408	0.643882474403	0.660914067818	0.669774464243	0.634347359973	0.666683109987	0.643866157179	0.61650070151	0.596925766378	0.673729801411	0.642538129725	0.617496602442	0.666720178393	0.616517745861	0.676266655473	0.665319203541	0.465144651424	0.692574441033	0.569444169789	0.502585378803	0.640141415039	0.444368030851	0.608121054258	0.66953701446	0.590078034938	0.636257166787	0.645659974714	0.65219751701	0.675250281428	0.562852174766	0.594601743962	0.680818016157	0.626694255499	0.691692211401	0.622141001934	0.652117837036	0.635393121781	0.61091551688	0.628796731294	0.615208933637	0.621641997792	0.693431514813	0.626663177892	0.63839650955	0.670910425362	0.60511698797	0.645214466068	0.629766874753	0.661008366953	0.601672173629	0.640196843141	0.561878258502	0.670876033492	0.651272078732	0.668235199473	0.693421471663
H0915	0.731422058494	0.680885072219	0.598695490567	0.610312961088	0.638011379027	0.650323043385	0.645095850574	0.621609914244	0.661976985381	0.662700218005	0.607560159596	0.658391436161	0.6457064679	0.659040527215	0.0	0.467073555023	0.597280050326	0.620723884914	0.730481110021	0.613000474803	0.620717395459	0.637389510509	0.674750143993	0.660387489354	0.602672872558	0.605294199602	0.648474232295	0.62457118732	0.671651211253	0.656131274637	0.48639950781	0.638880203509	0.667445622124	0.61112726183	0.658963374863	0.601479762637	0.691735190854	0.625480212691	0.663652158222	0.63887834026	0.589528306295	0.618915491725	0.672335999709	0.640903442252	0.644306260608	0.588266684717	0.615520824829	0.626057539875	0.62304093089	0.656412087461	0.592416583811	0.633746088851	0.64061675397	0.604467209823	0.65267045661	0.654093439048	0.648877560783	0.630058702378	0.687661702063	0.703966266263	0.653630209493	0.688855452177	0.689296178075	0.629105092061	0.660793547818	0.654314239178	0.661724090481	0.660398642138	0.684129304385	0.659946051003	0.639857713558	0.672752325942	0.623474509375	0.638326586067	0.606522378081	0.653113884172	0.64296628137	0.647943276198	0.674105141623	0.644161517204	0.621593213486	0.704048445596	0.685725638398	0.705557742599	0.604596056094	0.651308421756	0.623149839602	0.631000087371	0.653714529533	0.62883396417	0.62752646529	0.649431112172	0.480975996525	0.634186853326	0.747857656527	0.61937151095	0.63582547394	0.660842026919	0.660820542682	0.623571054646	0.62278224884	0.591152088236	0.742927619166	0.593909483949	0.640930394193	0.659424038197
H0914	0.769879884116	0.695595343265	0.650612746362	0.657054231441	0.658873090501	0.678145584689	0.659071295381	0.645700595338	0.68813801382	0.63671740445	0.623177513137	0.660681870344	0.625546202909	0.676413633325	0.467073555023	0.0	0.636083233599	0.624362276804	0.744746140264	0.620502216163	0.626396147743	0.635713529386	0.672887681537	0.687981951971	0.637052224423	0.643926333359	0.649698285186	0.656204183959	0.644686607396	0.6821863102	0.50243407506	0.665276683094	0.668959477323	0.619780011849	0.71464856447	0.569054182443	0.707795319737	0.629398208533	0.66190160639	0.655164027902	0.625129476818	0.633285194755	0.690439109365	0.671917151828	0.610811900314	0.625041870003	0.662778093124	0.629527365468	0.626203967173	0.663493085954	0.645709477004	0.634123096799	0.627932460782	0.644017751936	0.648578412428	0.705678176721	0.643528549096	0.62324299086	0.711159311219	0.728839870579	0.663481979193	0.689648714439	0.728341113166	0.646230392879	0.685112107775	0.638305660599	0.641228518922	0.684620813187	0.662207059091	0.670164485207	0.637526423574	0.697564959179	0.615056109549	0.649979627075	0.597408222912	0.648611334471	0.616378052755	0.637268132417	0.69706296341	0.667887743834	0.642183898289	0.738582857168	0.7216427174	0.742678324186	0.635859730088	0.705137421382	0.633062006163	0.633355080497	0.650502221942	0.621473957465	0.632076045298	0.660888682605	0.500018165653	0.68906283566	0.761263915157	0.63211260752	0.627308431016	0.683669903368	0.683124070054	0.624759663096	0.644997773446	0.593722260015	0.770162219012	0.586491056382	0.697499683474	0.721626658132
H0668	0.760470708325	0.597400720793	0.582896876489	0.572558761524	0.623941482302	0.613567922297	0.626454823691	0.613052268736	0.633079939093	0.619140816824	0.578096000584	0.620438766823	0.64024937866	0.599206933583	0.597280050326	0.636083233599	0.0	0.534375297999	0.756798148597	0.589924372063	0.59458022315	0.573899593347	0.607281400583	0.670763007746	0.543866440466	0.582251881534	0.664777310489	0.558435656082	0.596299876909	0.63664201279	0.556806244197	0.573665981962	0.639302141008	0.57461660964	0.702863683471	0.588778605379	0.653631972632	0.580185401075	0.621246903873	0.647265538282	0.602216571357	0.596932354846	0.688916351736	0.663006060487	0.46681104437	0.534975040249	0.584499661297	0.418314238346	0.588147050762	0.649306910173	0.514370823744	0.620831899329	0.620564020391	0.606986808534	0.657789408267	0.617581145093	0.601728701491	0.393454101621	0.660242240341	0.682149051163	0.634346372054	0.650908681022	0.681517206715	0.583459637082	0.669018658766	0.617338374064	0.5911304526	0.598782824041	0.644142167074	0.637700498078	0.628366024178	0.574233434201	0.40386091758	0.62136798045	0.538053281948	0.632576225958	0.620497677347	0.600570768073	0.656505145904	0.561956740551	0.402191914392	0.700879816913	0.651092490601	0.711632313835	0.57216800612	0.639571124513	0.618317005936	0.627207866219	0.610793151114	0.442413398092	0.613470995829	0.654985738767	0.57061845413	0.591572068783	0.676502937158	0.611820400882	0.621584274584	0.607157753564	0.646567371984	0.590169146773	0.607788338894	0.546515935572	0.685652516424	0.598502295272	0.653309337644	0.653388316147
H0851	0.76506762711	0.613677291523	0.62541143248	0.577465926105	0.613956945824	0.608723035818	0.612093216996	0.615727946473	0.66656107487	0.619207127301	0.560249744435	0.599195114907	0.625310127803	0.575241658139	0.620723884914	0.624362276804	0.534375297999	0.0	0.744210322411	0.611343957703	0.574121690919	0.593022344267	0.615362255433	0.640424043571	0.585554783028	0.630533896658	0.634217271724	0.584520058838	0.580211719476	0.653286254388	0.56218239009	0.607720196392	0.631482531204	0.484347876868	0.712504432285	0.577384096161	0.677747902525	0.569581438652	0.601766591824	0.656498108367	0.626500412474	0.605584728205	0.699400813309	0.635166158734	0.574984276224	0.405731085503	0.639369478129	0.578242569143	0.56438117817	0.615980016207	0.539888280495	0.622394471175	0.639897317603	0.641370885539	0.632170104028	0.629860032271	0.628617250712	0.555504542766	0.648627094211	0.6833239688	0.637380239183	0.619127429852	0.705398562101	0.520580179938	0.660399007058	0.631941463697	0.564369263462	0.601044719993	0.613227874507	0.649082863533	0.623910824281	0.572354665529	0.544447265733	0.638623982578	0.525652996956	0.650324371797	0.602827137246	0.605339311633	0.682395656074	0.586778274262	0.577144860171	0.666393077424	0.616399102553	0.659924897525	0.533169175642	0.608174642457	0.580122289179	0.595650232464	0.600608049591	0.55971948811	0.554660166204	0.631735414615	0.562563266487	0.580065787881	0.652683271768	0.599109180187	0.6262393756	0.623723886373	0.627169951528	0.537866662031	0.602418641665	0.512999596848	0.677866953579	0.599164291957	0.617292307664	0.651242438343
F0371	0.698228997676	0.768641617102	0.727115638907	0.743092774422	0.745043788738	0.72759909702	0.722384366434	0.731415754411	0.758093385517	0.730963531948	0.76241827658	0.655365872768	0.734415204951	0.758563852486	0.730481110021	0.744746140264	0.756798148597	0.744210322411	0.0	0.721301842172	0.762788030554	0.745884943162	0.766823332398	0.731772542912	0.760796346745	0.761237702028	0.688808497765	0.763492796597	0.73584731232	0.757439606033	0.731873198911	0.768985333644	0.755606802406	0.715332186113	0.730272130048	0.718709269525	0.766055067784	0.746054497768	0.778112693386	0.738608518522	0.741432752749	0.743710731382	0.748678919644	0.738874926114	0.732333268902	0.724142343317	0.74655384556	0.737493775801	0.745327394647	0.727197080881	0.766389458931	0.73284485132	0.722195720459	0.757651345147	0.740128389982	0.732069293661	0.763109835161	0.745990919472	0.733718045472	0.733254334568	0.766272646469	0.727990344352	0.732627893076	0.734557118981	0.763919848644	0.738501623068	0.748546346251	0.768183224646	0.730673672032	0.733359965354	0.732130645061	0.760093217803	0.735482356879	0.737778118939	0.72574251768	0.752140813762	0.75239788493	0.778406739123	0.699607918568	0.729668407754	0.711857801145	0.726443575939	0.735195613477	0.756074653514	0.733979316917	0.738310734876	0.750785351234	0.714083025419	0.743301763075	0.733626931405	0.734289839682	0.692366669474	0.749389508909	0.753905093608	0.757245485134	0.712631952613	0.767742655425	0.755178948452	0.731377488633	0.740167402593	0.708318431808	0.74591959059	0.760985582646	0.732988313419	0.718738381116	0.747099647642
H0587	0.771536429467	0.559187043169	0.634352818428	0.585710889129	0.695581773643	0.657567194395	0.623066433587	0.626054914939	0.668793779204	0.48771714242	0.586523635705	0.642105424059	0.606240991607	0.663071993573	0.613000474803	0.620502216163	0.589924372063	0.611343957703	0.721301842172	0.0	0.651761057444	0.580948561949	0.63138607729	0.70435255102	0.596639766141	0.641506984675	0.692418447948	0.625208306024	0.660972506387	0.703230194275	0.618086306569	0.586055077358	0.709114118186	0.620247401904	0.719726387787	0.570639622496	0.720870128019	0.624461842461	0.628521107057	0.659104600644	0.608812423999	0.664714437919	0.694227847829	0.667018427516	0.592925801329	0.62298993178	0.64371565222	0.59440199636	0.582370089114	0.688145307432	0.583792299744	0.604792085669	0.460517532356	0.630882686421	0.68206223229	0.636802864303	0.58916142949	0.577094297461	0.708613579008	0.715689945145	0.687913945222	0.66614849112	0.728143376485	0.645115094609	0.6729008737	0.608583261976	0.629966090301	0.6180178092	0.601231061461	0.651700544715	0.610822301659	0.658308346369	0.599776035453	0.642070153354	0.618521385159	0.650223590199	0.645108669208	0.669592481468	0.700373171324	0.606519947951	0.580982976532	0.699563030741	0.681278573314	0.715850414125	0.612194444945	0.693769730757	0.625575257787	0.623011363523	0.583296193815	0.605339686802	0.637709479382	0.687459191002	0.619884869451	0.618431941344	0.728906913276	0.662932399885	0.643878332156	0.682568963157	0.651562875857	0.612914077198	0.475187086918	0.600411169344	0.728267519467	0.577165826532	0.675898717821	0.692334236004
J0078	0.741384157672	0.647411631347	0.587785018236	0.588987239553	0.617598099183	0.664354841272	0.651164937088	0.648898092735	0.523584799281	0.682610642554	0.570417633755	0.604849195926	0.62929172623	0.634673403146	0.620717395459	0.626396147743	0.59458022315	0.574121690919	0.762788030554	0.651761057444	0.0	0.447666851125	0.609795322592	0.673355202163	0.537812848432	0.453519678134	0.641711708149	0.438920912382	0.616796542454	0.624528912746	0.585918656037	0.606876186429	0.649161313698	0.639423897173	0.688295218993	0.620556578258	0.518280360835	0.571160090893	0.595070547831	0.674488359746	0.619227834142	0.567434007129	0.712544375236	0.653594922352	0.665409870723	0.563593507506	0.568007012905	0.641681596819	0.6188922423	0.645244885209	0.573848938752	0.635777534942	0.668040852067	0.63988366244	0.629305301171	0.667992184048	0.623153151571	0.624803793312	0.685852226273	0.699988712153	0.439356335795	0.674203723273	0.727120426734	0.566877505382	0.650014240203	0.641450901778	0.652379962012	0.644019488229	0.705901707393	0.692228639163	0.623564663125	0.619024705983	0.613898726556	0.650365439569	0.576265243265	0.640694771913	0.622527960512	0.610567165816	0.64973749929	0.616410104748	0.631026428478	0.725916734942	0.701131403185	0.70511559908	0.598287593321	0.656605549711	0.625100262884	0.660156844332	0.652940033251	0.621096579801	0.63276519711	0.632531050124	0.585173109607	0.600738046107	0.702557535633	0.602555512814	0.594315770578	0.426922436299	0.663421569267	0.591572732845	0.652930358378	0.553705205001	0.723329704852	0.626737047944	0.645971353928	0.662873663504
J0076	0.774342214647	0.613087668024	0.575895889506	0.557779478598	0.667573555027	0.654399516645	0.630547758253	0.622014946357	0.521516497553	0.638050152798	0.568726983589	0.617757946419	0.620444023931	0.651173228749	0.637389510509	0.635713529386	0.573899593347	0.593022344267	0.745884943162	0.580948561949	0.447666851125	0.0	0.575848252884	0.700512636361	0.535526185562	0.38183484648	0.663672786278	0.422604192473	0.621270495557	0.682317348485	0.564491006267	0.526039196261	0.67704506101	0.625558436242	0.715186692127	0.588634182938	0.539281128166	0.58759563396	0.564759435688	0.670643758171	0.606248702072	0.586242761718	0.703202200678	0.663111559634	0.626499390404	0.59719032121	0.584516382274	0.623087884583	0.570229187528	0.665067258909	0.557688241579	0.616748345128	0.613271686308	0.618505064478	0.658631510858	0.639978688291	0.566101781359	0.608027813915	0.71795129658	0.703208695331	0.460605110962	0.670319614132	0.732218516116	0.562334832835	0.652276159777	0.628196751452	0.657583511031	0.63766510482	0.662638368139	0.689169042816	0.624601590189	0.648427256096	0.590706954234	0.65623399331	0.580201240462	0.636740947583	0.624262350119	0.639743134103	0.701940822545	0.611047289842	0.599967911984	0.728485672559	0.68178985865	0.700416119376	0.598284685612	0.685380809469	0.591335663308	0.638648457847	0.62931272458	0.600245264138	0.64071074204	0.650757946287	0.575279225015	0.604140988979	0.709285375108	0.616461346777	0.577887757833	0.427992467366	0.652597014118	0.582058177456	0.591920123927	0.53672229327	0.706125367386	0.603213034297	0.652930149747	0.676389782713
J0074	0.776194707211	0.651358947198	0.574758507088	0.57520004146	0.672094052061	0.691266206915	0.654794325975	0.692784846649	0.584543104803	0.660717093494	0.597926655492	0.643038357635	0.68265153368	0.633435510094	0.674750143993	0.672887681537	0.607281400583	0.615362255433	0.766823332398	0.63138607729	0.609795322592	0.575848252884	0.0	0.711524697908	0.551751537195	0.609187833344	0.710043264431	0.599933316396	0.592635314156	0.673219441916	0.576591049522	0.328852919426	0.66031076501	0.654782469957	0.719410643114	0.646491035928	0.586116443511	0.638030753877	0.290687589109	0.714453653129	0.611738138593	0.645065799051	0.724876086965	0.719429965456	0.664557471181	0.642263056379	0.561556707288	0.657898398707	0.608317637457	0.731449562687	0.553310553944	0.666238052109	0.654391742443	0.660012541598	0.710772842418	0.608408952945	0.379250009404	0.623247960084	0.694972326305	0.721044963679	0.58129235751	0.653676210243	0.734196791639	0.670404931591	0.588896576933	0.688035320975	0.648322950227	0.625271242227	0.672521657081	0.67994670072	0.653680727074	0.637188915574	0.615196118506	0.698361609458	0.602935103205	0.646599154655	0.689975157095	0.658923920389	0.676389563788	0.599386481937	0.617899665914	0.693297095968	0.662619143848	0.674310198443	0.642836413852	0.695861569216	0.613134948714	0.63461132989	0.665555505852	0.633302693677	0.661753579494	0.68299566413	0.606714156737	0.5554673634	0.728288034688	0.628049528795	0.396519823047	0.573976967547	0.704108197018	0.647979316776	0.630329727403	0.557718686271	0.753528854113	0.61418882309	0.709494805622	0.727865773541
H0742	0.738343798125	0.747335360084	0.685973668111	0.691941774356	0.548098882246	0.654736167585	0.689391478216	0.628084328147	0.69600869209	0.713943655794	0.698436694598	0.709359287362	0.684590674925	0.634925519358	0.660387489354	0.687981951971	0.670763007746	0.640424043571	0.731772542912	0.70435255102	0.673355202163	0.700512636361	0.711524697908	0.0	0.68633604096	0.703570083445	0.682187482431	0.691691429599	0.682853874648	0.521375211044	0.651854915233	0.716108674758	0.528330298426	0.660860552522	0.645997748916	0.656854788082	0.721584955664	0.668621127829	0.694647878403	0.638901208601	0.706946852611	0.681046163763	0.667280126637	0.625975613142	0.659051130241	0.626502399563	0.697363404039	0.682172551784	0.691541857678	0.536112496775	0.705052405836	0.672074254139	0.699219622415	0.714647144662	0.542004393855	0.698532827538	0.700801483073	0.673699939963	0.621602722171	0.632088682377	0.704223309023	0.599804287537	0.643213735936	0.637555485009	0.719598309798	0.671373289111	0.650207186217	0.733335184708	0.689260001529	0.660069094565	0.689389556557	0.623996117474	0.640539060213	0.644981944074	0.632745383824	0.674268962631	0.662697365081	0.665747472309	0.697751985411	0.671333829844	0.642454296652	0.71851283296	0.703215993572	0.705498408134	0.624210231069	0.682425452365	0.677676505882	0.617736938189	0.691503890214	0.64465730963	0.626727636269	0.701890163256	0.700053484933	0.68800199639	0.653363002238	0.636963212705	0.716095574121	0.684457001642	0.650959049637	0.642802001291	0.711870529318	0.686204252187	0.663212019338	0.688570175403	0.643207448583	0.687670834984
H0866	0.76060070353	0.607127551553	0.441862854004	0.564967653637	0.627595958662	0.634409287603	0.603079804094	0.630007227071	0.530187985779	0.631339938031	0.568746658485	0.624169672169	0.632517745761	0.630697310156	0.602672872558	0.637052224423	0.543866440466	0.585554783028	0.760796346745	0.596639766141	0.537812848432	0.535526185562	0.551751537195	0.68633604096	0.0	0.561664185993	0.664932768469	0.528981384269	0.607840784383	0.643738290528	0.534777185632	0.54024384994	0.656162016915	0.634443375972	0.662801862312	0.604827601484	0.601423660314	0.558716043066	0.554694883413	0.63795822308	0.498102062668	0.562425545627	0.693465394838	0.637110499016	0.623492133317	0.582615211717	0.382176967214	0.617997220075	0.577487906026	0.68249273724	0.542373814102	0.603148117892	0.637709245304	0.488963603927	0.649433719911	0.635582625615	0.58401448327	0.61371139631	0.680255141773	0.711076867729	0.537468749226	0.658453846026	0.72931362474	0.577040038398	0.486422798512	0.63342879483	0.643720968185	0.610565140512	0.668067166371	0.68512553536	0.60180023805	0.624692608235	0.581882286755	0.640122270121	0.55114888029	0.63481026532	0.6147105903	0.628000722669	0.656336827609	0.5686562411	0.57562963586	0.702722575491	0.653570741856	0.664290075345	0.562972854951	0.655023011618	0.594451808552	0.615876444141	0.60442717146	0.600736221138	0.650009024547	0.650846218895	0.562677011923	0.601451933927	0.720546977349	0.576409294443	0.575096373632	0.549071641487	0.654449771456	0.621533576269	0.588953897368	0.522959868097	0.697331158907	0.60099797021	0.640751435672	0.673629098683
